1800x900, full coords, with 4 overviews

134
134
136
139
145
139
136
143
145
138
139
139
137
139
137
138
141
135





1800x900, full coords, no overviews

143
139
145
142
142
147
146
142
144
145
144
146
140
143
141
143
140
139


900x450, full coords, no overviews

87
79
86
82
80
83
82
83
84
85
80
82
86
84
82
82
80
90

900x450, full coords, 4 overviews

81
80
81
80
79
79
77
77
86
79
81
77
83
82
80
77
77
77


900x450, -180, 0, -90, 0, 4 overviews

48
47
47
51
56
48
51
53
49
48
46
51
47
54
53
58
51
50
48
54
47


900x450, -180, 0, -90, 0, no overviews

52
51
52
53
52
52
52
52
51
54
52
49
53
50
51
53
56
55
51
52
51


3600x1800, full coord, compression: deflate

398
400
393
398
398
396
397
390
386
403
410
396
392
395
397
399
424
403

395
399
393
396
400
406
399
404
396
395
393
408

3600x1800, full coord, compression: no

401
388
403
398
391
391
390
396
394
398
392
391
389
395
392
426
404
394

393
392
389
413
401
392
402
407
400
395
390


LZW Comp

393
396
395
394
393
392
389
397
411
378
398
389
394
395
401
399
394
401
397
404
390
400
399
396
399
390
392
392
395